X,Y,Tangent X,Tangent Y,Fixed Theta,Name
1.5311744656811976,-2.209161472554374,1.2570021655211376,0.019758873929008658,true,
3.3029805103097636,-2.1549225120045192,0.47911081819037804,-0.045199133791545165,true,
4.387759721306845,-2.2362809528293006,0.7412657941813388,-0.3796727238489783,true,
4.912069673288768,-2.805790038602768,0.34351341681574254,-0.6327878730816314,true,
4.4329588550983905,-4.107525091799266,-0.6327878730816305,-0.35255324357405105,true,
3.06794501459373,-4.197923359382356,-0.47911081819037715,0.2892744562658889,true,
2.4984359288202618,-3.2125822427266737,0.036159307033236,1.4915714151209871,true,
2.9685069202523304,-2.1458826852462103,0.5622381109231842,0.45144968551445946,false,
4.297361453723755,-2.019325110629884,1.0013062146557774,-0.05525265298389607,false,
5.960689577252613,-2.4441969682704077,0.34351341681574166,-0.03615930703323622,true,
6.4488402222013,-2.507475755578571,0.3719170186772065,0.011418803911533604,false,
7.072588268524621,-2.3537987006873182,0.7322259674230303,0.4610311646737595,true,
7.452260992373599,-2.0012454571132663,0.20714260301451232,0.3450820377630409,false,
7.524579606440072,-1.2419000094153092,-0.07512538418014403,0.42723189133187756,false,
7.316663590998964,-0.7085502306750777,-0.33447359005743316,0.4610311646737596,true,
6.765234158742114,-0.38311646737595334,-0.2802346295075795,0.09943809434139905,true,
5.888370963186141,-0.2655987195179362,-0.24407532247434371,-0.036159307033236,true,
5.183264476038038,-0.37407664061764434,-0.45605640811956416,-0.14746858339893873,false,
4.523357122681479,-0.7175900574333868,-0.22344580812587927,-0.35193650394419507,false,
4.451038508615008,-1.3865372375482536,0.09610649479865137,-0.3347193468874082,false,
4.649914697297806,-1.748130307880614,0.25453260500849045,-0.36582682865877747,false,
5.355021184445909,-2.3628385274456267,0.5247843027616379,-0.3652818047349986,false,
6.231884380001883,-2.8329095188776954,0.5631972985185543,-0.3138932628500324,false,
7.045468788249694,-3.3029805103097636,0.6056683928067033,-0.3254337632991242,true,
7.859053196497505,-3.628414273608888,0.5368364857744367,-0.01676578096527096,false,
8.654557951228698,-3.384338951134545,0.3679567048632978,0.31220474635339673,false,
9.016151021561058,-2.760590904811223,-0.009039826758305836,0.5604692590151581,true,
8.781115525845024,-1.892767536013558,-0.46103116467375926,0.3887125506072877,true,
7.551699086714998,-1.5582939459561245,-0.6508675265982502,-0.009039826758309388,true,
3.465697391959326,-1.3594177572733264,-0.3435134168157421,-0.01807965351661811,true,
2.281480086620846,-1.3232584502400904,-0.5875887392900858,-0.01807965351661811,true,
0.0034437435269748834,-1.1695813953488372,-0.4700709914320686,0.0,true,
