X,Y,Tangent X,Tangent Y,Fixed Theta,Name
1.1786212221071461,-3.79113115525845,0.5514294322568496,0.018079653516618333,true,
2.615953676678279,-3.7368921947085965,0.38871255060728727,0.4339116843988329,true,
2.8961883061858584,-1.4950151586479616,0.8316640617644291,0.7503056209396479,true,
7.027389134733076,-1.5673337727144336,0.6599073533565587,-0.6056683928067035,true,
7.316663590998964,-3.7640116749835233,0.7051064871481021,-0.641827699839939,true,
7.949451464080595,-4.0171268242161755,0.44251465554571134,-0.05774894922727965,false,
8.645518124470389,-3.9267285566330856,1.034202878822387,0.3127143315171249,false,
8.82631465963657,-1.5492541191978157,-0.47911081819037804,0.5695090857734679,true,
7.208185669899256,-1.5130948121645797,-0.8316640617644282,-0.4519913379154503,true,
6.873712079841823,-3.655533753883815,-0.8316640617644291,-0.696066660389794,true,
2.0645242444214293,-3.3572194708596177,-0.48815064494868676,0.8226242350061193,true,
1.9289268430467943,-1.5130948121645797,-0.2531151492326522,0.5152701252236138,true,
0.09384201111006497,-1.3322982769983995,-0.44295151115714154,0.01807965351661789,true,
