X,Y,Tangent X,Tangent Y,Fixed Theta,Name
0.916,-2.247,1.2570021655211376,0.019758873929008658,true,
2.7153917710196778,-2.2001216457960644,0.7503056209396481,0.009039826758308944,true,
3.655533753883815,-2.1820419922794465,0.8316640617644291,-0.2802346295075795,true,
4.270241973448828,-3.0408255343188024,-0.06327878730816394,-1.5277307221542222,true,
3.7640116749835233,-4.134644572074193,-0.6327878730816305,-0.35255324357405105,true,
2.6430731569532058,-4.125604745315884,-0.47911081819037715,0.2892744562658889,true,
1.856608228980322,-3.104104321626966,0.009039826758308944,1.1480579983052432,true,
2.534595235853498,-2.0735640711797383,0.632463765765494,0.4328234459986463,false,
3.7640116749835233,-1.820448921947086,0.9036842026138979,-0.015623900173188598,false,
5.237503436587892,-2.2634004331042274,1.3432991243762373,-0.13095791356746078,true,
6.575397796817625,-2.1187632049712835,0.7322259674230303,0.4610311646737595,true,
6.99122982769984,-1.1605415685905283,-0.08795360914423758,0.5209326519631324,false,
6.656756237642407,-0.5548731757838246,-0.33447359005743316,0.4610311646737596,true,
6.060127671594012,-0.1842402786931551,-0.5514294322568496,0.19887618868279824,true,
4.89399001977215,-0.1661606251765371,-0.4339116843988329,-0.1717567084078712,true,
4.387759721306845,-0.38311646737595334,-0.2682652976605878,-0.25028140771026663,false,
4.134644572074193,-0.96166537990773,0.003634538765330486,-0.3987290740006888,false,
4.460078335373317,-1.5763735994727428,0.45020895402577676,-0.6697876961093121,false,
5.788932868844742,-2.7063519442613693,0.7872431765480434,-0.5204995406103367,false,
6.74825458996328,-3.2413757649938795,0.5499341863362643,-0.24944954541487108,false,
7.416101685340363,-3.501856698992562,0.44563266168962473,-0.006556350125299129,false,
8.08504886545523,-3.266821203276528,0.6024518134132819,0.41113568511428406,false,
8.238725920346484,-1.6486922135392148,-0.5471725826193401,0.48499388004895927,true,
6.638676584125789,-1.2599796629319273,-0.47911081819037804,-0.03615930703323622,true,
3.2125822427266737,-1.2599796629319273,-0.3435134168157421,-0.01807965351661811,true,
1.8385285754637042,-1.1786212221071461,-1.0694834889187463,0.04520301711177002,false,
0.0,-1.1424619150739102,-0.4700709914320686,0.0,true,
